[gd_scene load_steps=48 format=2]

[ext_resource path="res://player/Player.tscn" type="PackedScene" id=1]
[ext_resource path="res://props/Security.tscn" type="PackedScene" id=2]
[ext_resource path="res://props/Axe.tscn" type="PackedScene" id=3]
[ext_resource path="res://props/Banana.tscn" type="PackedScene" id=4]
[ext_resource path="res://props/Bat.tscn" type="PackedScene" id=5]
[ext_resource path="res://props/Beer.tscn" type="PackedScene" id=6]
[ext_resource path="res://props/BoomBox.tscn" type="PackedScene" id=7]
[ext_resource path="res://props/Briefcase.tscn" type="PackedScene" id=8]
[ext_resource path="res://props/Chainsaw.tscn" type="PackedScene" id=9]
[ext_resource path="res://props/Chocolate.tscn" type="PackedScene" id=10]
[ext_resource path="res://props/ChocolateBar.tscn" type="PackedScene" id=11]
[ext_resource path="res://props/Cleaver.tscn" type="PackedScene" id=12]
[ext_resource path="res://props/Drill.tscn" type="PackedScene" id=13]
[ext_resource path="res://props/Longboard.tscn" type="PackedScene" id=14]
[ext_resource path="res://props/Handbag.tscn" type="PackedScene" id=15]
[ext_resource path="res://props/FryPan.tscn" type="PackedScene" id=16]
[ext_resource path="res://props/Hammer.tscn" type="PackedScene" id=17]
[ext_resource path="res://props/MilkCarton.tscn" type="PackedScene" id=18]
[ext_resource path="res://props/Hotdog.tscn" type="PackedScene" id=19]
[ext_resource path="res://props/EnergyCan.tscn" type="PackedScene" id=20]
[ext_resource path="res://props/Jam.tscn" type="PackedScene" id=21]
[ext_resource path="res://props/Wine.tscn" type="PackedScene" id=22]
[ext_resource path="res://props/Plunger.tscn" type="PackedScene" id=23]
[ext_resource path="res://props/Wrench.tscn" type="PackedScene" id=24]
[ext_resource path="res://props/PaperBottle.tscn" type="PackedScene" id=25]
[ext_resource path="res://props/Sandwich.tscn" type="PackedScene" id=26]
[ext_resource path="res://props/Spatula.tscn" type="PackedScene" id=27]
[ext_resource path="res://props/WaterBottle.tscn" type="PackedScene" id=28]
[ext_resource path="res://props/SledgeHammer.tscn" type="PackedScene" id=29]
[ext_resource path="res://props/Smartphone.tscn" type="PackedScene" id=30]
[ext_resource path="res://props/SodaCan.tscn" type="PackedScene" id=31]
[ext_resource path="res://ui/GUI.tscn" type="PackedScene" id=32]
[ext_resource path="res://store/Store.gd" type="Script" id=33]
[ext_resource path="res://materials/floor.tres" type="Material" id=34]
[ext_resource path="res://music/extremeaction.mp3" type="AudioStream" id=35]
[ext_resource path="res://props/ShoppingCart.tscn" type="PackedScene" id=36]
[ext_resource path="res://props/CornerShelf.tscn" type="PackedScene" id=37]
[ext_resource path="res://props/Shelf.tscn" type="PackedScene" id=38]
[ext_resource path="res://props/Counter.tscn" type="PackedScene" id=39]

[sub_resource type="BoxShape" id=3]
extents = Vector3( 5.64992, 5.03412, 25.9734 )

[sub_resource type="SpatialMaterial" id=4]
flags_unshaded = true
albedo_color = Color( 0.976471, 0.47451, 0.47451, 1 )

[sub_resource type="CubeMesh" id=5]
material = SubResource( 4 )

[sub_resource type="BoxShape" id=1]
extents = Vector3( 35.3085, 1, 26.514 )

[sub_resource type="CubeMesh" id=2]
material = ExtResource( 34 )

[sub_resource type="BoxShape" id=6]
extents = Vector3( 35.3085, 1, 26.514 )

[sub_resource type="SpatialMaterial" id=7]
flags_unshaded = true
albedo_color = Color( 0.831373, 0.576471, 0.219608, 1 )

[sub_resource type="CubeMesh" id=8]
material = SubResource( 7 )

[node name="Store" type="Spatial"]
script = ExtResource( 33 )

[node name="GUI" parent="." instance=ExtResource( 32 )]

[node name="Checkout" type="Area" parent="."]
transform = Transform( 1, 0, 0, 0, 1, 0, 0, 0, 1, -7.75184, 2.50722, 0 )
collision_layer = 4

[node name="CollisionShape" type="CollisionShape" parent="Checkout"]
transform = Transform( 1, 0, 0, 0, 1, 0, 0, 0, 1, -1.2569, 0, 0 )
shape = SubResource( 3 )

[node name="MeshInstance" type="MeshInstance" parent="Checkout"]
transform = Transform( 4.30317, 0, 0, 0, 1, 0, 0, 0, 20.0005, 0, -2.4524, 0 )
mesh = SubResource( 5 )
material/0 = null

[node name="EndCamera" type="Camera" parent="."]
transform = Transform( -2.55223e-08, -0.811839, 0.583881, -3.54866e-08, 0.583881, 0.811839, -1, 4.61853e-14, -4.37114e-08, -2.71168, 8.66577, 0 )

[node name="EndSpawn" type="Spatial" parent="."]
transform = Transform( -2.55223e-08, -0.811839, 0.583881, -3.54866e-08, 0.583881, 0.811839, -1, 0, -4.37114e-08, -8.4428, 10.7076, 0 )

[node name="BackgroundMusic" type="AudioStreamPlayer" parent="."]
stream = ExtResource( 35 )
volume_db = -15.0
autoplay = true

[node name="Floor" type="StaticBody" parent="."]
collision_layer = 514
input_ray_pickable = false

[node name="CollisionShape" type="CollisionShape" parent="Floor"]
shape = SubResource( 1 )

[node name="MeshInstance" type="MeshInstance" parent="Floor"]
transform = Transform( 36.2628, 0, 0, 0, 1, 0, 0, 0, 27.1313, 0, 0, 0 )
mesh = SubResource( 2 )
material/0 = null

[node name="Floor2" type="StaticBody" parent="."]
transform = Transform( 1, 0, 0, 0, 1, 0, 0, 0, 1, 0, 13.5027, 0 )
collision_layer = 514
input_ray_pickable = false

[node name="CollisionShape" type="CollisionShape" parent="Floor2"]
shape = SubResource( 1 )

[node name="MeshInstance" type="MeshInstance" parent="Floor2"]
transform = Transform( 36.2628, 0, 0, 0, 1, 0, 0, 0, 27.1313, 0, 0, 0 )
mesh = SubResource( 2 )
material/0 = null

[node name="Wall1" type="StaticBody" parent="."]
transform = Transform( -4.37114e-08, -1, 0, 1, -4.37114e-08, 0, 0, 0, 1, -15.5466, 6.12958, 0 )
collision_layer = 514
input_ray_pickable = false

[node name="CollisionShape" type="CollisionShape" parent="Wall1"]
shape = SubResource( 6 )

[node name="MeshInstance" type="MeshInstance" parent="Wall1"]
transform = Transform( 36.2628, 0, 0, 0, 1, 0, 0, 0, 27.1313, 0, 0, 0 )
mesh = SubResource( 8 )
material/0 = null

[node name="Wall2" type="StaticBody" parent="."]
transform = Transform( -4.37114e-08, -1, 0, 1, -4.37114e-08, 0, 0, 0, 1, 16.244, 6.12958, 0 )
collision_layer = 514
input_ray_pickable = false

[node name="CollisionShape" type="CollisionShape" parent="Wall2"]
shape = SubResource( 6 )

[node name="MeshInstance" type="MeshInstance" parent="Wall2"]
transform = Transform( 36.2628, 0, 0, 0, 1, 0, 0, 0, 27.1313, 0, 0, 0 )
mesh = SubResource( 8 )
material/0 = null

[node name="Wall3" type="StaticBody" parent="."]
transform = Transform( 1.91069e-15, 4.37114e-08, 1, 1, -4.37114e-08, 0, 4.37114e-08, 1, -4.37114e-08, 2.64516, 6.12958, -13.6449 )
collision_layer = 514
input_ray_pickable = false

[node name="CollisionShape" type="CollisionShape" parent="Wall3"]
shape = SubResource( 6 )

[node name="MeshInstance" type="MeshInstance" parent="Wall3"]
transform = Transform( 36.2628, 0, 3.38813e-21, 0, 1, 0, 0, 0, 27.1313, 0, 0, 0 )
mesh = SubResource( 8 )
material/0 = null

[node name="Wall4" type="StaticBody" parent="."]
transform = Transform( 1.91069e-15, 4.37114e-08, 1, 1, -4.37114e-08, 0, 4.37114e-08, 1, -4.37114e-08, 2.64516, 6.12958, 12.5668 )
collision_layer = 514
input_ray_pickable = false

[node name="CollisionShape" type="CollisionShape" parent="Wall4"]
shape = SubResource( 6 )

[node name="MeshInstance" type="MeshInstance" parent="Wall4"]
transform = Transform( 36.2628, 0, 6.77626e-21, 0, 1, 0, 0, 0, 27.1313, 0, 0, 0 )
mesh = SubResource( 8 )
material/0 = null

[node name="Counter" parent="." instance=ExtResource( 39 )]
transform = Transform( 1, 0, 0, 0, 1, 0, 0, 0, 1, -4.10578, 1.00003, 4.71717 )
collision_layer = 513

[node name="Counter2" parent="." instance=ExtResource( 39 )]
transform = Transform( 1, 0, 0, 0, 1, 0, 0, 0, 1, -4.10578, 1.00003, -1.36224 )
collision_layer = 513

[node name="Counter3" parent="." instance=ExtResource( 39 )]
transform = Transform( 1, 0, 0, 0, 1, 0, 0, 0, 1, -4.10578, 1.00003, -7.25603 )
collision_layer = 513

[node name="Security" parent="." instance=ExtResource( 2 )]
transform = Transform( -4.37114e-08, 0, 1, 0, 1, 0, -1, 0, -4.37114e-08, -2.7324, 1.00003, 8.90071 )

[node name="Player" parent="." instance=ExtResource( 1 )]
transform = Transform( -4.37114e-08, 0, -1, 0, 1, 0, 1, 0, -4.37114e-08, 0, 2.57431, 8.31103 )
collision_layer = 513

[node name="Axe" parent="." instance=ExtResource( 3 )]
transform = Transform( -0.714436, 0, -0.699701, 0, 1, 0, 0.699701, 0, -0.714436, 10.7596, 1.7764, 3.45346 )

[node name="Axe2" parent="." instance=ExtResource( 3 )]
transform = Transform( -0.281856, 0, -0.959457, 0, 1, 0, 0.959457, 0, -0.281856, 10.7596, 1.7764, 2.71376 )

[node name="Axe3" parent="." instance=ExtResource( 3 )]
transform = Transform( -0.0927181, 0, -0.995692, 0, 1, 0, 0.995692, 0, -0.0927181, 10.7596, 1.7764, 2.10492 )

[node name="Axe4" parent="." instance=ExtResource( 3 )]
transform = Transform( -0.346232, 0, -0.938149, 0, 1, 0, 0.938149, 0, -0.346232, 10.7596, 1.7764, 1.62674 )

[node name="Axe5" parent="." instance=ExtResource( 3 )]
transform = Transform( -0.346232, 0, -0.938149, 0, 1, 0, 0.938149, 0, -0.346232, 10.7596, 1.7764, 0.937711 )

[node name="Banana" parent="." instance=ExtResource( 4 )]
transform = Transform( -0.0191626, 0.999816, 0, -0.999816, -0.0191626, 0, 0, 0, 1, 13.9566, 4.03638, -7.78596 )

[node name="Banana2" parent="." instance=ExtResource( 4 )]
transform = Transform( -0.0191626, 0.999816, 0, -0.999816, -0.0191626, 0, 0, 0, 1, 13.9566, 4.03638, -8.21245 )

[node name="Banana3" parent="." instance=ExtResource( 4 )]
transform = Transform( -0.0185367, 0.967161, 0.253488, -0.999816, -0.0191626, 0, 0.00485749, -0.253441, 0.967339, 13.9566, 4.03638, -8.59128 )

[node name="Banana4" parent="." instance=ExtResource( 4 )]
transform = Transform( -0.0190871, 0.995875, -0.0887031, -0.999816, -0.0191626, 0, -0.00169978, 0.0886868, 0.996058, 13.9566, 4.03638, -9.03272 )

[node name="Banana5" parent="." instance=ExtResource( 4 )]
transform = Transform( -0.0191536, 0.999349, 0.0305734, -0.999816, -0.0191626, 0, 0.000585866, -0.0305678, 0.999533, 13.9566, 4.03638, -9.48862 )

[node name="Banana6" parent="." instance=ExtResource( 4 )]
transform = Transform( -0.0182726, 0.953379, 0.301222, -0.999816, -0.0191626, 0, 0.00577219, -0.301166, 0.953554, 13.9566, 4.03638, -9.97982 )

[node name="Bat" parent="." instance=ExtResource( 5 )]
transform = Transform( 0.158124, 0, -0.987419, 0, 1, 0, 0.987419, 0, 0.158124, 10.9233, 2.93682, -1.02489 )

[node name="Bat2" parent="." instance=ExtResource( 5 )]
transform = Transform( -0.0735515, 0, -0.997291, 0, 1, 0, 0.997291, 0, -0.0735515, 10.9233, 2.93682, -1.72015 )

[node name="Bat3" parent="." instance=ExtResource( 5 )]
transform = Transform( -0.0735515, 0, -0.997291, 0, 1, 0, 0.997291, 0, -0.0735515, 10.9233, 2.93682, -2.17099 )

[node name="Bat4" parent="." instance=ExtResource( 5 )]
transform = Transform( 0.174164, 0, -0.984717, 0, 1, 0, 0.984717, 0, 0.174164, 10.9233, 2.93682, -2.67451 )

[node name="Bat5" parent="." instance=ExtResource( 5 )]
transform = Transform( 0.00836003, 0, -0.999965, 0, 1, 0, 0.999965, 0, 0.00836003, 10.9233, 2.93682, -3.34198 )

[node name="Bat6" parent="." instance=ExtResource( 5 )]
transform = Transform( 0.157779, 0, -0.987475, 0, 1, 0, 0.987475, 0, 0.157779, 10.9233, 2.93682, -3.84385 )

[node name="Bat7" parent="." instance=ExtResource( 5 )]
transform = Transform( 0.157779, 0, -0.987475, 0, 1, 0, 0.987475, 0, 0.157779, 10.9233, 2.93682, -4.3694 )

[node name="Beer" parent="." instance=ExtResource( 6 )]
transform = Transform( 0.0116411, 0, 0.999932, 0, 1, 0, -0.999932, 0, 0.0116411, 6.36634, 4.35663, 3.51255 )

[node name="Beer2" parent="." instance=ExtResource( 6 )]
transform = Transform( 0.0116411, 0, 0.999932, 0, 1, 0, -0.999932, 0, 0.0116411, 6.36634, 4.35663, 3.1325 )

[node name="Beer3" parent="." instance=ExtResource( 6 )]
transform = Transform( 0.0116411, 0, 0.999932, 0, 1, 0, -0.999932, 0, 0.0116411, 6.36634, 4.35663, 2.55461 )

[node name="Beer4" parent="." instance=ExtResource( 6 )]
transform = Transform( 0.0116411, 0, 0.999932, 0, 1, 0, -0.999932, 0, 0.0116411, 6.36634, 4.35663, 1.94245 )

[node name="Beer5" parent="." instance=ExtResource( 6 )]
transform = Transform( 0.0116411, 0, 0.999932, 0, 1, 0, -0.999932, 0, 0.0116411, 6.36634, 4.35663, 1.58715 )

[node name="Beer6" parent="." instance=ExtResource( 6 )]
transform = Transform( 0.0116411, 0, 0.999932, 0, 1, 0, -0.999932, 0, 0.0116411, 6.36634, 4.35663, 0.920151 )

[node name="Beer7" parent="." instance=ExtResource( 6 )]
transform = Transform( -0.326113, 0, 0.945331, 0, 1, 0, -0.945331, 0, -0.326113, 6.30922, 2.04842, -1.01893 )

[node name="Beer8" parent="." instance=ExtResource( 6 )]
transform = Transform( -0.326113, 0, 0.945331, 0, 1, 0, -0.945331, 0, -0.326113, 6.10287, 2.04842, -1.59526 )

[node name="Beer9" parent="." instance=ExtResource( 6 )]
transform = Transform( -0.326113, 0, 0.945331, 0, 1, 0, -0.945331, 0, -0.326113, 5.9831, 2.04842, -1.92976 )

[node name="Beer10" parent="." instance=ExtResource( 6 )]
transform = Transform( -0.326113, 0, 0.945331, 0, 1, 0, -0.945331, 0, -0.326113, 5.75826, 2.04842, -2.55772 )

[node name="Beer11" parent="." instance=ExtResource( 6 )]
transform = Transform( -0.125818, 0, 0.992053, 0, 1, 0, -0.992053, 0, -0.125818, 6.14599, 2.04842, -2.93356 )

[node name="Beer12" parent="." instance=ExtResource( 6 )]
transform = Transform( -0.125818, 0, 0.992053, 0, 1, 0, -0.992053, 0, -0.125818, 6.06191, 2.04842, -3.53992 )

[node name="Beer13" parent="." instance=ExtResource( 6 )]
transform = Transform( -0.125818, 0, 0.992053, 0, 1, 0, -0.992053, 0, -0.125818, 6.0131, 2.04842, -3.89184 )

[node name="Beer14" parent="." instance=ExtResource( 6 )]
transform = Transform( -0.125818, 0, 0.992053, 0, 1, 0, -0.992053, 0, -0.125818, 5.92149, 2.04842, -4.55252 )

[node name="BoomBox" parent="." instance=ExtResource( 7 )]
transform = Transform( -0.680107, 0, 0.733113, 0, 1, 0, -0.733113, 0, -0.680107, 4.49373, 5.33584, 10.4081 )

[node name="BoomBox2" parent="." instance=ExtResource( 7 )]
transform = Transform( -0.680107, 0, 0.733113, 0, 1, 0, -0.733113, 0, -0.680107, 5.83176, 5.33584, 10.4081 )

[node name="Briefcase" parent="." instance=ExtResource( 8 )]
transform = Transform( 1, 0, 0, 0, 1, 0, 0, 0, 1, 10.9602, 5.27622, 10.3028 )

[node name="Briefcase2" parent="." instance=ExtResource( 8 )]
transform = Transform( 1, 0, 0, 0, 1, 0, 0, 0, 1, 11.4982, 5.27622, 10.3028 )

[node name="Briefcase3" parent="." instance=ExtResource( 8 )]
transform = Transform( 0.967977, 0, -0.251039, 0, 1, 0, 0.251039, 0, 0.967977, 12.1425, 5.27622, 10.3028 )

[node name="Briefcase4" parent="." instance=ExtResource( 8 )]
transform = Transform( 0.877146, 0, -0.480223, 0, 1, 0, 0.480223, 0, 0.877146, 12.9678, 5.27622, 10.2943 )

[node name="Chainsaw" parent="." instance=ExtResource( 9 )]
transform = Transform( 0.376354, 0, -0.926476, 0, 1, 0, 0.926476, 0, 0.376354, 9.98921, 4.31016, -11.6975 )

[node name="Chainsaw2" parent="." instance=ExtResource( 9 )]
transform = Transform( 0.376354, 0, -0.926476, 0, 1, 0, 0.926476, 0, 0.376354, 12.1045, 4.31016, -11.6975 )

[node name="Chocolate" parent="." instance=ExtResource( 10 )]
transform = Transform( 1, 0, 0, 0, 1, 0, 0, 0, 1, 4.16473, 1.88766, 10.2308 )

[node name="Chocolate2" parent="." instance=ExtResource( 10 )]
transform = Transform( 0.729816, 0, 0.683643, 0, 1, 0, -0.683643, 0, 0.729816, 5.07576, 1.88766, 10.2308 )

[node name="Chocolate3" parent="." instance=ExtResource( 10 )]
transform = Transform( 0.0459732, 0, 0.998943, 0, 1, 0, -0.998943, 0, 0.0459732, 5.48291, 1.88766, 10.2308 )

[node name="Chocolate4" parent="." instance=ExtResource( 10 )]
transform = Transform( 0.304183, 0, 0.952614, 0, 1, 0, -0.952614, 0, 0.304183, 5.84696, 1.88766, 10.2308 )

[node name="Chocolate5" parent="." instance=ExtResource( 10 )]
transform = Transform( -0.0258455, 0, 0.999666, 0, 1, 0, -0.999666, 0, -0.0258455, 6.19164, 1.88766, 10.2308 )

[node name="Chocolate6" parent="." instance=ExtResource( 10 )]
transform = Transform( -0.323868, 0, 0.946102, 0, 1, 0, -0.946102, 0, -0.323868, 6.53395, 1.88766, 10.2308 )

[node name="ChocolateBar" parent="." instance=ExtResource( 11 )]
transform = Transform( 0.0651418, 0, 0.997876, 0, 1, 0, -0.997876, 0, 0.0651418, 9.92643, 1.92101, 10.0535 )

[node name="ChocolateBar2" parent="." instance=ExtResource( 11 )]
transform = Transform( -0.288698, 0, 0.95742, 0, 1, 0, -0.95742, 0, -0.288698, 9.24549, 1.92101, 10.0535 )

[node name="ChocolateBar3" parent="." instance=ExtResource( 11 )]
transform = Transform( -0.169092, 0, 0.9856, 0, 1, 0, -0.9856, 0, -0.169092, 8.58115, 1.92101, 10.0535 )

[node name="ChocolateBar4" parent="." instance=ExtResource( 11 )]
transform = Transform( 0.49658, 0, 0.867991, 0, 1, 0, -0.867991, 0, 0.49658, 8.03102, 1.92101, 10.0535 )

[node name="ChocolateBar5" parent="." instance=ExtResource( 11 )]
transform = Transform( 0.374509, 0, 0.927223, 0, 1, 0, -0.927223, 0, 0.374509, 7.57805, 1.92101, 10.0535 )

[node name="Cleaver" parent="." instance=ExtResource( 12 )]
transform = Transform( 0.785414, 0, -0.618971, 0, 1, 0, 0.618971, 0, 0.785414, 11.0744, 2.91868, 3.17864 )

[node name="Cleaver2" parent="." instance=ExtResource( 12 )]
transform = Transform( 0.222246, 0, -0.974991, 0, 1, 0, 0.974991, 0, 0.222246, 11.0744, 2.91868, 2.13578 )

[node name="Cleaver3" parent="." instance=ExtResource( 12 )]
transform = Transform( -0.447026, 0, -0.894521, 0, 1, 0, 0.894521, 0, -0.447026, 11.0744, 2.91868, 1.0514 )

[node name="Drill" parent="." instance=ExtResource( 13 )]
transform = Transform( 0.120276, 0, -0.992741, 0, 1, 0, 0.992741, 0, 0.120276, 9.68256, 3.17608, -11.7688 )

[node name="Drill2" parent="." instance=ExtResource( 13 )]
transform = Transform( 0.578925, 0, -0.81538, 0, 1, 0, 0.81538, 0, 0.578925, 10.8476, 3.17608, -11.7688 )

[node name="Drill3" parent="." instance=ExtResource( 13 )]
transform = Transform( 0.107566, 0, -0.994198, 0, 1, 0, 0.994198, 0, 0.107566, 12.2303, 3.17608, -11.7688 )

[node name="EnergyCan" parent="." instance=ExtResource( 20 )]
transform = Transform( -1, 0, -8.74228e-08, 0, 1, 0, 8.74228e-08, 0, -1, 9.93907, 4.08759, 10.1335 )

[node name="EnergyCan2" parent="." instance=ExtResource( 20 )]
transform = Transform( -1, 0, -8.74228e-08, 0, 1, 0, 8.74228e-08, 0, -1, 9.5493, 4.08759, 10.1335 )

[node name="EnergyCan3" parent="." instance=ExtResource( 20 )]
transform = Transform( -1, 0, -8.74228e-08, 0, 1, 0, 8.74228e-08, 0, -1, 9.13836, 4.08759, 10.1335 )

[node name="EnergyCan4" parent="." instance=ExtResource( 20 )]
transform = Transform( -1, 0, -8.74228e-08, 0, 1, 0, 8.74228e-08, 0, -1, 8.72768, 4.08759, 10.1335 )

[node name="EnergyCan5" parent="." instance=ExtResource( 20 )]
transform = Transform( -1, 0, -8.74228e-08, 0, 1, 0, 8.74228e-08, 0, -1, 8.39861, 4.08759, 10.1335 )

[node name="EnergyCan6" parent="." instance=ExtResource( 20 )]
transform = Transform( -1, 0, -8.74228e-08, 0, 1, 0, 8.74228e-08, 0, -1, 8.06185, 4.08759, 10.1335 )

[node name="EnergyCan7" parent="." instance=ExtResource( 20 )]
transform = Transform( -1, 0, -8.74228e-08, 0, 1, 0, 8.74228e-08, 0, -1, 7.5632, 4.08759, 10.1335 )

[node name="FryPan" parent="." instance=ExtResource( 16 )]
transform = Transform( 0.432526, 0, 0.901621, 0, 1, 0, -0.901621, 0, 0.432526, 6, 2.92749, 3.34133 )

[node name="FryPan2" parent="." instance=ExtResource( 16 )]
transform = Transform( -0.301272, 0, 0.953538, 0, 1, 0, -0.953538, 0, -0.301272, 5.85953, 2.92749, 2.19388 )

[node name="FryPan3" parent="." instance=ExtResource( 16 )]
transform = Transform( 0.125576, 0, 0.992084, 0, 1, 0, -0.992084, 0, 0.125576, 5.85953, 2.92749, 0.989636 )

[node name="Hammer" parent="." instance=ExtResource( 17 )]
transform = Transform( 0.92276, 0, 0.385375, 0, 1, 0, -0.385375, 0, 0.92276, 3.76686, 1.78631, -11.6681 )

[node name="Hammer2" parent="." instance=ExtResource( 17 )]
transform = Transform( 0.999557, 0, 0.0297709, 0, 1, 0, -0.0297709, 0, 0.999557, 4.62554, 1.78631, -11.6681 )

[node name="Hammer3" parent="." instance=ExtResource( 17 )]
transform = Transform( 0.988604, 0, -0.150536, 0, 1, 0, 0.150536, 0, 0.988604, 5.45954, 1.78631, -11.6681 )

[node name="Hammer4" parent="." instance=ExtResource( 17 )]
transform = Transform( 0.988604, 0, -0.150536, 0, 1, 0, 0.150536, 0, 0.988604, 6.15457, 1.78631, -11.6681 )

[node name="Hammer5" parent="." instance=ExtResource( 17 )]
transform = Transform( 0.988604, 0, -0.150536, 0, 1, 0, 0.150536, 0, 0.988604, 6.72595, 1.78631, -11.6681 )

[node name="Handbag" parent="." instance=ExtResource( 15 )]
transform = Transform( 0.411021, 0, -0.911626, 0, 1, 0, 0.911626, 0, 0.411021, 5.60106, 4.30898, -1.24459 )

[node name="Handbag2" parent="." instance=ExtResource( 15 )]
transform = Transform( 0.0194766, 0, -0.99981, 0, 1, 0, 0.99981, 0, 0.0194766, 5.60106, 4.30898, -1.93102 )

[node name="Handbag3" parent="." instance=ExtResource( 15 )]
transform = Transform( 0.264328, 0, -0.964433, 0, 1, 0, 0.964433, 0, 0.264328, 5.60106, 4.30898, -2.58532 )

[node name="Handbag4" parent="." instance=ExtResource( 15 )]
transform = Transform( -0.058505, 0, -0.998287, 0, 1, 0, 0.998287, 0, -0.058505, 5.60106, 4.30898, -3.19723 )

[node name="Handbag5" parent="." instance=ExtResource( 15 )]
transform = Transform( 0.104025, 0, -0.994575, 0, 1, 0, 0.994575, 0, 0.104025, 5.60106, 4.30898, -3.83691 )

[node name="Handbag6" parent="." instance=ExtResource( 15 )]
transform = Transform( -0.0454502, 0, -0.998967, 0, 1, 0, 0.998967, 0, -0.0454502, 5.60106, 4.30898, -4.37181 )

[node name="Hotdog" parent="." instance=ExtResource( 19 )]
transform = Transform( 0.976945, 0, -0.213491, 0, 1, 0, 0.213491, 0, 0.976945, 13.8231, 2.92932, -7.74438 )

[node name="Hotdog2" parent="." instance=ExtResource( 19 )]
transform = Transform( 1, 0, 0, 0, 1, 0, 0, 0, 1, 13.8231, 2.92932, -8.14516 )

[node name="Hotdog3" parent="." instance=ExtResource( 19 )]
transform = Transform( 0.990729, 0, 0.135854, 0, 1, 0, -0.135854, 0, 0.990729, 13.8231, 2.92932, -8.6105 )

[node name="Hotdog4" parent="." instance=ExtResource( 19 )]
transform = Transform( 0.979722, 0, -0.20036, 0, 1, 0, 0.20036, 0, 0.979722, 13.8231, 2.92932, -9.0775 )

[node name="Hotdog5" parent="." instance=ExtResource( 19 )]
transform = Transform( 1, 0, 0, 0, 1, 0, 0, 0, 1, 13.8361, 2.94943, -9.52326 )

[node name="Hotdog6" parent="." instance=ExtResource( 19 )]
transform = Transform( 0.971768, 0, 0.235939, 0, 1, 0, -0.235939, 0, 0.971768, 13.8231, 2.92932, -10.0141 )

[node name="Jam" parent="." instance=ExtResource( 21 )]
transform = Transform( -1, 0, -8.74228e-08, 0, 1, 0, 8.74228e-08, 0, -1, 10.7557, 1.97839, 9.90205 )

[node name="Jam2" parent="." instance=ExtResource( 21 )]
transform = Transform( -0.978796, 0, -0.204838, 0, 1, 0, 0.204838, 0, -0.978796, 11.4449, 1.97839, 9.90205 )

[node name="Jam3" parent="." instance=ExtResource( 21 )]
transform = Transform( -0.99975, 0, 0.0223732, 0, 1, 0, -0.0223732, 0, -0.99975, 11.8573, 1.97839, 9.90205 )

[node name="Jam7" parent="." instance=ExtResource( 21 )]
transform = Transform( -0.99975, 0, 0.0223732, 0, 1, 0, -0.0223732, 0, -0.99975, 11.8573, 1.97839, 10.3215 )

[node name="Jam8" parent="." instance=ExtResource( 21 )]
transform = Transform( -0.99975, 0, 0.0223732, 0, 1, 0, -0.0223732, 0, -0.99975, 11.0859, 1.97839, 10.3215 )

[node name="Jam4" parent="." instance=ExtResource( 21 )]
transform = Transform( -0.99975, 0, 0.0223732, 0, 1, 0, -0.0223732, 0, -0.99975, 12.2059, 1.97839, 9.90205 )

[node name="Jam5" parent="." instance=ExtResource( 21 )]
transform = Transform( -0.99975, 0, 0.0223732, 0, 1, 0, -0.0223732, 0, -0.99975, 12.7935, 1.97839, 9.90205 )

[node name="Jam9" parent="." instance=ExtResource( 21 )]
transform = Transform( -0.99975, 0, 0.0223732, 0, 1, 0, -0.0223732, 0, -0.99975, 12.4374, 1.97839, 10.3516 )

[node name="Jam10" parent="." instance=ExtResource( 21 )]
transform = Transform( -0.99975, 0, 0.0223732, 0, 1, 0, -0.0223732, 0, -0.99975, 13.1152, 1.97839, 10.3516 )

[node name="Jam6" parent="." instance=ExtResource( 21 )]
transform = Transform( -0.99975, 0, 0.0223732, 0, 1, 0, -0.0223732, 0, -0.99975, 13.2025, 1.97839, 9.90205 )

[node name="Longboard" parent="." instance=ExtResource( 14 )]
transform = Transform( -0.297491, 0, -0.954724, 0, 1, 0, 0.954724, 0, -0.297491, 8.58395, 5.0007, 10.4305 )

[node name="MilkCarton" parent="." instance=ExtResource( 18 )]
transform = Transform( -1, 0, -8.74228e-08, 0, 1, 0, 8.74228e-08, 0, -1, 3.94961, 4.21094, 10.1326 )

[node name="MilkCarton2" parent="." instance=ExtResource( 18 )]
transform = Transform( -1, 0, -8.74228e-08, 0, 1, 0, 8.74228e-08, 0, -1, 4.37925, 4.21094, 10.1326 )

[node name="MilkCarton3" parent="." instance=ExtResource( 18 )]
transform = Transform( -1, 0, -8.74228e-08, 0, 1, 0, 8.74228e-08, 0, -1, 4.78796, 4.21094, 10.1326 )

[node name="MilkCarton4" parent="." instance=ExtResource( 18 )]
transform = Transform( -1, 0, -8.74228e-08, 0, 1, 0, 8.74228e-08, 0, -1, 5.20074, 4.21094, 10.1326 )

[node name="MilkCarton5" parent="." instance=ExtResource( 18 )]
transform = Transform( -1, 0, -8.74228e-08, 0, 1, 0, 8.74228e-08, 0, -1, 5.63972, 4.21094, 10.1326 )

[node name="MilkCarton6" parent="." instance=ExtResource( 18 )]
transform = Transform( -1, 0, -8.74228e-08, 0, 1, 0, 8.74228e-08, 0, -1, 6.14638, 4.21094, 10.1326 )

[node name="PaperBottle" parent="." instance=ExtResource( 25 )]
transform = Transform( 1, 0, 0, 0, 1, 0, 0, 0, 1, 4.03405, 3.14973, 10.1121 )

[node name="PaperBottle2" parent="." instance=ExtResource( 25 )]
transform = Transform( 1, 0, 0, 0, 1, 0, 0, 0, 1, 4.62613, 3.14973, 10.1121 )

[node name="PaperBottle3" parent="." instance=ExtResource( 25 )]
transform = Transform( 1, 0, 0, 0, 1, 0, 0, 0, 1, 5.06361, 3.14973, 10.1121 )

[node name="PaperBottle4" parent="." instance=ExtResource( 25 )]
transform = Transform( 1, 0, 0, 0, 1, 0, 0, 0, 1, 5.518, 3.14973, 10.1121 )

[node name="PaperBottle5" parent="." instance=ExtResource( 25 )]
transform = Transform( 1, 0, 0, 0, 1, 0, 0, 0, 1, 5.91503, 3.14973, 10.1121 )

[node name="PaperBottle6" parent="." instance=ExtResource( 25 )]
transform = Transform( 1, 0, 0, 0, 1, 0, 0, 0, 1, 6.45696, 3.14973, 10.1121 )

[node name="Plunger" parent="." instance=ExtResource( 23 )]
transform = Transform( 1, 0, 0, 0, -4.37114e-08, -1, 0, 1, -4.37114e-08, 10.5485, 4.60713, 3.7648 )

[node name="Plunger2" parent="." instance=ExtResource( 23 )]
transform = Transform( 1, 0, 0, 0, -4.37114e-08, -1, 0, 1, -4.37114e-08, 10.5485, 4.60713, 3.23742 )

[node name="Plunger3" parent="." instance=ExtResource( 23 )]
transform = Transform( 1, 0, 0, 0, -4.37114e-08, -1, 0, 1, -4.37114e-08, 10.5485, 4.60713, 2.75584 )

[node name="Plunger4" parent="." instance=ExtResource( 23 )]
transform = Transform( 1, 0, 0, 0, -4.37114e-08, -1, 0, 1, -4.37114e-08, 10.5485, 4.60713, 2.23047 )

[node name="Plunger5" parent="." instance=ExtResource( 23 )]
transform = Transform( 1, 0, 0, 0, -4.37114e-08, -1, 0, 1, -4.37114e-08, 10.5485, 4.60713, 1.73243 )

[node name="Plunger6" parent="." instance=ExtResource( 23 )]
transform = Transform( 1, 0, 0, 0, -4.37114e-08, -1, 0, 1, -4.37114e-08, 10.5485, 4.60713, 1.17486 )

[node name="Plunger7" parent="." instance=ExtResource( 23 )]
transform = Transform( 1, 0, 0, 0, -4.37114e-08, -1, 0, 1, -4.37114e-08, 10.5485, 4.60713, 0.540134 )

[node name="Sandwich" parent="." instance=ExtResource( 26 )]
transform = Transform( 0.978242, 0, -0.207468, 0, 1, 0, 0.207468, 0, 0.978242, 13.8018, 1.90911, -7.8442 )

[node name="Sandwich2" parent="." instance=ExtResource( 26 )]
transform = Transform( 0.997914, 0, 0.0645497, 0, 1, 0, -0.0645497, 0, 0.997914, 13.8018, 1.90911, -8.64682 )

[node name="Sandwich3" parent="." instance=ExtResource( 26 )]
transform = Transform( 1, 0, 0, 0, 1, 0, 0, 0, 1, 13.8018, 1.90911, -9.28228 )

[node name="Sandwich4" parent="." instance=ExtResource( 26 )]
transform = Transform( 0.97715, 0, 0.212553, 0, 1, 0, -0.212553, 0, 0.97715, 13.8018, 1.90911, -9.99399 )

[node name="SledgeHammer" parent="." instance=ExtResource( 29 )]
transform = Transform( 0.68762, 0, 0.726071, 0, 1, 0, -0.726071, 0, 0.68762, 6, 1.84425, 3.25646 )

[node name="SledgeHammer2" parent="." instance=ExtResource( 29 )]
transform = Transform( -0.237059, 0, 0.971495, 0, 1, 0, -0.971495, 0, -0.237059, 6, 1.84425, 2.14447 )

[node name="SledgeHammer3" parent="." instance=ExtResource( 29 )]
transform = Transform( 0.215025, 0, 0.976609, 0, 1, 0, -0.976609, 0, 0.215025, 6, 1.84425, 1.11519 )

[node name="SledgeHammer4" parent="." instance=ExtResource( 29 )]
transform = Transform( 0.00905813, 0, 0.999959, 0, 1, 0, -0.999959, 0, 0.00905813, 6, 1.84425, 0.508799 )

[node name="Smartphone" parent="." instance=ExtResource( 30 )]
transform = Transform( 1, 0, 0, 0, 1, 0, 0, 0, 1, 3.51945, 2.86711, -11.4065 )

[node name="Smartphone2" parent="." instance=ExtResource( 30 )]
transform = Transform( 1, 0, 0, 0, 1, 0, 0, 0, 1, 3.98193, 2.86711, -11.4065 )

[node name="Smartphone3" parent="." instance=ExtResource( 30 )]
transform = Transform( 1, 0, 0, 0, 1, 0, 0, 0, 1, 4.47659, 2.86711, -11.4065 )

[node name="Smartphone4" parent="." instance=ExtResource( 30 )]
transform = Transform( 1, 0, 0, 0, 1, 0, 0, 0, 1, 4.87589, 2.86711, -11.4065 )

[node name="Smartphone5" parent="." instance=ExtResource( 30 )]
transform = Transform( 1, 0, 0, 0, 1, 0, 0, 0, 1, 5.41379, 2.86711, -11.4065 )

[node name="Smartphone6" parent="." instance=ExtResource( 30 )]
transform = Transform( 1, 0, 0, 0, 1, 0, 0, 0, 1, 5.97727, 2.86711, -11.4065 )

[node name="Smartphone7" parent="." instance=ExtResource( 30 )]
transform = Transform( 1, 0, 0, 0, 1, 0, 0, 0, 1, 6.61012, 2.86711, -11.4065 )

[node name="SodaCan" parent="." instance=ExtResource( 31 )]
transform = Transform( 1, 0, 0, 0, 1, 0, 0, 0, 1, 7.36947, 2.98116, 10.1654 )

[node name="SodaCan2" parent="." instance=ExtResource( 31 )]
transform = Transform( 1, 0, 0, 0, 1, 0, 0, 0, 1, 7.79215, 2.98116, 10.1654 )

[node name="SodaCan3" parent="." instance=ExtResource( 31 )]
transform = Transform( 1, 0, 0, 0, 1, 0, 0, 0, 1, 8.15303, 2.98116, 10.1654 )

[node name="SodaCan4" parent="." instance=ExtResource( 31 )]
transform = Transform( 1, 0, 0, 0, 1, 0, 0, 0, 1, 8.56642, 2.98116, 10.1654 )

[node name="SodaCan5" parent="." instance=ExtResource( 31 )]
transform = Transform( 1, 0, 0, 0, 1, 0, 0, 0, 1, 8.9191, 2.98116, 10.1654 )

[node name="SodaCan6" parent="." instance=ExtResource( 31 )]
transform = Transform( 1, 0, 0, 0, 1, 0, 0, 0, 1, 9.25729, 2.98116, 10.1654 )

[node name="SodaCan7" parent="." instance=ExtResource( 31 )]
transform = Transform( 1, 0, 0, 0, 1, 0, 0, 0, 1, 9.69264, 2.98116, 10.1654 )

[node name="Spatula" parent="." instance=ExtResource( 27 )]
transform = Transform( -0.0282007, 0, 0.999602, 0, 1, 0, -0.999602, 0, -0.0282007, 5.85157, 2.89143, -1 )

[node name="Spatula2" parent="." instance=ExtResource( 27 )]
transform = Transform( 0.302154, 0, 0.953259, 0, 1, 0, -0.953259, 0, 0.302154, 5.85157, 2.89143, -1.75549 )

[node name="Spatula3" parent="." instance=ExtResource( 27 )]
transform = Transform( 0.302154, 0, 0.953259, 0, 1, 0, -0.953259, 0, 0.302154, 5.85157, 2.89143, -2.29706 )

[node name="Spatula4" parent="." instance=ExtResource( 27 )]
transform = Transform( 0.0910845, 0, 0.995843, 0, 1, 0, -0.995843, 0, 0.0910845, 5.85157, 2.89143, -2.87279 )

[node name="Spatula5" parent="." instance=ExtResource( 27 )]
transform = Transform( -0.0597593, 0, 0.998213, 0, 1, 0, -0.998213, 0, -0.0597593, 5.85157, 2.89143, -3.50455 )

[node name="Spatula6" parent="." instance=ExtResource( 27 )]
transform = Transform( 0.116567, 0, 0.993183, 0, 1, 0, -0.993183, 0, 0.116567, 5.85157, 2.89143, -4.12698 )

[node name="Spatula7" parent="." instance=ExtResource( 27 )]
transform = Transform( 0.116567, 0, 0.993183, 0, 1, 0, -0.993183, 0, 0.116567, 5.85157, 2.89143, -4.53728 )

[node name="WaterBottle" parent="." instance=ExtResource( 28 )]
transform = Transform( 1, 0, 0, 0, 1, 0, 0, 0, 1, 10.8437, 3.17637, 10.0351 )

[node name="WaterBottle2" parent="." instance=ExtResource( 28 )]
transform = Transform( 1, 0, 0, 0, 1, 0, 0, 0, 1, 11.2769, 3.17637, 10.0351 )

[node name="WaterBottle3" parent="." instance=ExtResource( 28 )]
transform = Transform( 1, 0, 0, 0, 1, 0, 0, 0, 1, 11.7851, 3.17637, 10.0351 )

[node name="WaterBottle4" parent="." instance=ExtResource( 28 )]
transform = Transform( 1, 0, 0, 0, 1, 0, 0, 0, 1, 12.2884, 3.17637, 10.0351 )

[node name="WaterBottle5" parent="." instance=ExtResource( 28 )]
transform = Transform( 1, 0, 0, 0, 1, 0, 0, 0, 1, 12.7622, 3.17637, 10.0351 )

[node name="WaterBottle6" parent="." instance=ExtResource( 28 )]
transform = Transform( 1, 0, 0, 0, 1, 0, 0, 0, 1, 13.2377, 3.17637, 10.0351 )

[node name="WaterBottle7" parent="." instance=ExtResource( 28 )]
transform = Transform( 1, 0, 0, 0, 1, 0, 0, 0, 1, 13.2377, 4.19184, 10.0351 )

[node name="WaterBottle8" parent="." instance=ExtResource( 28 )]
transform = Transform( 1, 0, 0, 0, 1, 0, 0, 0, 1, 12.8713, 4.19184, 10.0351 )

[node name="WaterBottle9" parent="." instance=ExtResource( 28 )]
transform = Transform( 1, 0, 0, 0, 1, 0, 0, 0, 1, 12.5415, 4.19184, 10.0351 )

[node name="WaterBottle10" parent="." instance=ExtResource( 28 )]
transform = Transform( 1, 0, 0, 0, 1, 0, 0, 0, 1, 12.1692, 4.19184, 10.0351 )

[node name="WaterBottle11" parent="." instance=ExtResource( 28 )]
transform = Transform( 1, 0, 0, 0, 1, 0, 0, 0, 1, 11.7982, 4.19184, 10.0351 )

[node name="WaterBottle12" parent="." instance=ExtResource( 28 )]
transform = Transform( 1, 0, 0, 0, 1, 0, 0, 0, 1, 11.263, 4.19184, 10.0351 )

[node name="WaterBottle13" parent="." instance=ExtResource( 28 )]
transform = Transform( 1, 0, 0, 0, 1, 0, 0, 0, 1, 10.8804, 4.19184, 10.0351 )

[node name="Wine" parent="." instance=ExtResource( 22 )]
transform = Transform( -4.37114e-08, 0, -1, 0, 1, 0, 1, 0, -4.37114e-08, 5.42186, 4.47918, 3.72558 )

[node name="Wine2" parent="." instance=ExtResource( 22 )]
transform = Transform( -4.37114e-08, 0, -1, 0, 1, 0, 1, 0, -4.37114e-08, 5.42186, 4.47918, 3.28457 )

[node name="Wine3" parent="." instance=ExtResource( 22 )]
transform = Transform( -4.37114e-08, 0, -1, 0, 1, 0, 1, 0, -4.37114e-08, 5.42186, 4.47918, 2.82122 )

[node name="Wine4" parent="." instance=ExtResource( 22 )]
transform = Transform( -4.37114e-08, 0, -1, 0, 1, 0, 1, 0, -4.37114e-08, 5.42186, 4.47918, 2.35813 )

[node name="Wine5" parent="." instance=ExtResource( 22 )]
transform = Transform( -4.37114e-08, 0, -1, 0, 1, 0, 1, 0, -4.37114e-08, 5.42186, 4.47918, 1.84312 )

[node name="Wine6" parent="." instance=ExtResource( 22 )]
transform = Transform( -4.37114e-08, 0, -1, 0, 1, 0, 1, 0, -4.37114e-08, 5.42186, 4.47918, 1.34991 )

[node name="Wine7" parent="." instance=ExtResource( 22 )]
transform = Transform( -4.37114e-08, 0, -1, 0, 1, 0, 1, 0, -4.37114e-08, 5.42186, 4.47918, 0.726547 )

[node name="Wrench" parent="." instance=ExtResource( 24 )]
transform = Transform( 1, 0, 0, 0, 1, 0, 0, 0, 1, 12.6619, 1.76602, -11.8692 )

[node name="Wrench2" parent="." instance=ExtResource( 24 )]
transform = Transform( 1, 0, 0, 0, 1, 0, 0, 0, 1, 11.9294, 1.76602, -11.8692 )

[node name="Wrench3" parent="." instance=ExtResource( 24 )]
transform = Transform( 1, 0, 0, 0, 1, 0, 0, 0, 1, 11.0759, 1.76602, -11.8692 )

[node name="Wrench4" parent="." instance=ExtResource( 24 )]
transform = Transform( 1, 0, 0, 0, 1, 0, 0, 0, 1, 10.4191, 1.76602, -11.8692 )

[node name="Wrench5" parent="." instance=ExtResource( 24 )]
transform = Transform( 1, 0, 0, 0, 1, 0, 0, 0, 1, 9.69493, 1.76602, -11.8692 )

[node name="ShoppingCart" parent="." instance=ExtResource( 36 )]
transform = Transform( -0.26601, 0, 0.96397, 0, 1, 0, -0.96397, 0, -0.26601, 4.49418, 1.38066, 6.61802 )

[node name="ShoppingCart2" parent="." instance=ExtResource( 36 )]
transform = Transform( -0.810379, 0, -0.585906, 0, 1, 0, 0.585906, 0, -0.810379, 13.2055, 1.38066, 7.26916 )

[node name="ShoppingCart3" parent="." instance=ExtResource( 36 )]
transform = Transform( 0.140815, 0, -0.990036, 0, 1, 0, 0.990036, 0, 0.140815, 9.15588, 1.38066, -9.10561 )

[node name="CornerShelf" parent="." instance=ExtResource( 37 )]
transform = Transform( -0.999493, 0, 0.0318294, 0, 1, 0, -0.0318294, 0, -0.999493, 5.19405, 1.22075, 10.513 )

[node name="CornerShelf2" parent="." instance=ExtResource( 37 )]
transform = Transform( -0.999757, 0, 0.0220417, 0, 1, 0, -0.0220417, 0, -0.999757, 8.64568, 1.22075, 10.513 )

[node name="CornerShelf3" parent="." instance=ExtResource( 37 )]
transform = Transform( -0.999757, 0, 0.0220417, 0, 1, 0, -0.0220417, 0, -0.999757, 12.0759, 1.22075, 10.513 )

[node name="CornerShelf4" parent="." instance=ExtResource( 37 )]
transform = Transform( -4.37114e-08, 0, -1, 0, 1, 0, 1, 0, -4.37114e-08, 14.0869, 1.22075, -8.93971 )

[node name="Shelf" parent="." instance=ExtResource( 38 )]
transform = Transform( -4.37114e-08, 0, 1, 0, 1, 0, -1, 0, -4.37114e-08, 5.86441, 1.00004, 2.05693 )

[node name="Shelf2" parent="." instance=ExtResource( 38 )]
transform = Transform( -4.37114e-08, 0, 1, 0, 1, 0, -1, 0, -4.37114e-08, 5.86441, 1.00004, -2.6563 )

[node name="Shelf5" parent="." instance=ExtResource( 38 )]
transform = Transform( 1, 0, 0, 0, 1, 0, 0, 0, 1, 5.14208, 1.00004, -11.8031 )

[node name="Shelf6" parent="." instance=ExtResource( 38 )]
transform = Transform( 1, 0, 0, 0, 1, 0, 0, 0, 1, 11.2342, 1.00004, -11.8031 )

[node name="Shelf3" parent="." instance=ExtResource( 38 )]
transform = Transform( -4.37114e-08, 0, 1, 0, 1, 0, -1, 0, -4.37114e-08, 10.8845, 1.00004, -2.6563 )

[node name="Shelf4" parent="." instance=ExtResource( 38 )]
transform = Transform( -4.37114e-08, 0, 1, 0, 1, 0, -1, 0, -4.37114e-08, 10.8845, 1.00004, 2.08025 )

[connection signal="body_entered" from="Checkout" to="." method="_on_Checkout_body_entered"]
[connection signal="item_highlighted" from="Player" to="GUI" method="on_item_highlighted"]
[connection signal="item_picked_up" from="Player" to="GUI" method="on_item_picked_up"]
